################################################
#               COSMOLOGY                      #
################################################
Omega_m: 0.31
Ombh2: 0.02268
h: 0.68
#log10As: 3.044
sigma8: 0.83
ns: 0.97
Mnu: 0.0
w0: -1.
wa: 0.0    



################################################
#               Nuisances                      #
################################################
aIA: 0.1446 # 1.72 for Euclid forecasts
etaIA: 2.21 # -0.41 for Euclid forecasts
betaIA: 0. # 2.17 for Euclid forecasts
b1_1: 1.239 #0.87074   for Euclid forecasts   
b1_2: 1.378 #1.13866
b1_3: 1.525 #1.29472 
b1_4: 1.677 #1.47662             
b1_5: 1.832 #1.98016  
b2_1: 0. #1.74148     
b2_2: 0. #2.27732
b2_3: 0. #2.58944
b2_4: 0. #2.95324         
b2_5: 0. #3.96032

b1L_1: 0.239 #-0.12926      
b1L_2: 0.378 #0.13866
b1L_3: 0.525 #0.29472
b1L_4: 0.677 #0.47662        
b1L_5: 0.832 #0.98016     
b2L_1: 0.46036128 #0.28213962    
b2L_2: 0.4845956 #0.23224054
b2L_3: 0.5480625 #0.2329498
b2L_4: 0.65459134 #0.26144022       
b2L_5: 0.80604922 #0.49562399
bs2L_1: 0.0
bs2L_2: 0.0
bs2L_3: 0.0
bs2L_4: 0.0
bs2L_5: 0.0
blaplL_1: 0.0
blaplL_2: 0.0
blaplL_3: 0.0
blaplL_4: 0.0
blaplL_5: 0.0

deltaz_1: 0.0
deltaz_2: 0.0
deltaz_3: 0.0
deltaz_4: 0.0
deltaz_5: 0.0

################################################
#               Baryons                        #
################################################
#nu_Mc_bcemu: 0.0
#log10Mc_bcemu: 13.32
#thej_bcemu: 4.235
#mu_bcemu: 0.93 
#gamma_bcemu: 2.25
#delta_bcemu: 6.40
#eta_bcemu: 0.15
#deta_bcemu: 0.14

